1302028111;;mbenc01;46;alarmecpu1;mem ok;19;7;
1302028111;mbenc01;mbenc01;cpu avg;cpu avg;46;45;46;45;44;42;42;40;42;43;45;48;49;49;49;48;47;46;45;44;40;33;25;18;14;12;10;9;9;9;8;8;8;8;9;9;9;9;9;10;10;9;10;10;10;11;11;11;12;13;14;15;18;17;18;20;21;21;24;23;23;26;;
1302028111;mbenc01;mbenc01_2;mem_free;I/O;53872944;53872944;53872944;53872896;53872896;53872896;53872896;53819856;53819856;53819856;53819856;53819904;53819904;53819904;53874560;53872944;53872944;53872944;53872944;53872896;53872896;53872896;53880384;53872896;53872896;53872896;53872896;53872848;53872848;53872848;53872848;53868640;53868640;53868640;53868640;53866144;53872800;53875296;53877792;53872896;53872896;53872896;53872896;53870400;53870400;53870400;53872896;53870496;53870496;53872992;53875488;53875488;53873776;53873776;53873776;53878768;53873824;53875488;53875488;53875488;53873728;53873728;
1302028111;mbenc01;mbenc01_2;mem_util;I/O;13235920;13235920;13235920;13235968;13235968;13235968;13235968;13289008;13289008;13289008;13289008;13288960;13288960;13288960;13234304;13235920;13235920;13235920;13235920;13235968;13235968;13235968;13228480;13235968;13235968;13235968;13235968;13236016;13236016;13236016;13236016;13240224;13240224;13240224;13240224;13242720;13236064;13233568;13231072;13235968;13235968;13235968;13235968;13238464;13238464;13238464;13235968;13238368;13238368;13235872;13233376;13233376;13235088;13235088;13235088;13230096;13235040;13233376;13233376;13233376;13235136;13235136;
1302028111;mbenc01;mbenc01_2;pct_util;I/O;19;19;19;19;19;19;19;19;19;19;19;19;19;19;19;19;19;19;19;19;19;19;19;19;19;19;19;19;19;19;19;19;19;19;19;19;19;19;19;19;19;19;19;19;19;19;19;19;19;19;19;19;19;19;19;19;19;19;19;19;19;19;
1302028111;mbenc01;mbenc01_1;mem_free;Processor;778906396;778906412;778906432;778906456;778906416;778908256;778908232;778871692;778871744;778871680;778871700;778871744;778873468;778872936;778911620;778909724;778909720;778909644;778909552;778909504;778909616;778909580;778917820;778909576;778909560;778909608;778909636;778909660;778909644;778909636;778909556;778904808;778904856;778904944;778904756;778902008;778909456;778912240;778914972;778909516;778909516;778909528;778909496;778906836;778906732;778906724;778909440;778906836;778906848;778909628;778912520;778912468;778910704;778910648;778910660;778916004;778910604;778912500;778912500;778912496;778910668;778910632;
1302028111;mbenc01;mbenc01_1;mem_util;Processor;62197368;62197352;62197332;62197308;62197348;62195508;62195532;62232072;62232020;62232084;62232064;62232020;62230296;62230828;62192144;62194040;62194044;62194120;62194212;62194260;62194148;62194184;62185944;62194188;62194204;62194156;62194128;62194104;62194120;62194128;62194208;62198956;62198908;62198820;62199008;62201756;62194308;62191524;62188792;62194248;62194248;62194236;62194268;62196928;62197032;62197040;62194324;62196928;62196916;62194136;62191244;62191296;62193060;62193116;62193104;62187760;62193160;62191264;62191264;62191268;62193096;62193132;
1302028111;mbenc01;mbenc01_1;pct_util;Processor;7;7;7;7;7;7;7;7;7;7;7;7;7;7;7;7;7;7;7;7;7;7;7;7;7;7;7;7;7;7;7;7;7;7;7;7;7;7;7;7;7;7;7;7;7;7;7;7;7;7;7;7;7;7;7;7;7;7;7;7;7;7;
1302028111;mbenc01;mbenc01_13;mem_free;Transient;16760100;16760100;16760100;16760100;16760100;16760100;16760100;16760100;16760100;16760100;16760100;16760100;16760100;16760100;16760100;16760100;16760100;16760100;16760100;16760100;16760100;16760100;16760100;16760100;16760100;16760100;16760100;16760100;16760100;16760100;16760100;16760100;16760100;16760100;16760100;16760100;16760100;16760100;16760100;16760100;16760100;16760100;16760100;16760100;16760100;16760100;16760100;16760100;16760100;16760100;16760100;16760100;16760100;16760100;16760100;16760100;16760100;16760100;16760100;16760100;16760100;16760100;
1302028111;mbenc01;mbenc01_13;mem_util;Transient;17116;17116;17116;17116;17116;17116;17116;17116;17116;17116;17116;17116;17116;17116;17116;17116;17116;17116;17116;17116;17116;17116;17116;17116;17116;17116;17116;17116;17116;17116;17116;17116;17116;17116;17116;17116;17116;17116;17116;17116;17116;17116;17116;17116;17116;17116;17116;17116;17116;17116;17116;17116;17116;17116;17116;17116;17116;17116;17116;17116;17116;17116;
1302028111;mbenc01;mbenc01_13;pct_util;Transient;0;0;0;0;0;0;0;0;0;0;0;0;0;0;0;0;0;0;0;0;0;0;0;0;0;0;0;0;0;0;0;0;0;0;0;0;0;0;0;0;0;0;0;0;0;0;0;0;0;0;0;0;0;0;0;0;0;0;0;0;0;0;
