1302895718;;mbpoc01;15;cpuok;mem ok;12;4;
1302895718;mbpoc01;mbpoc01;cpu avg;cpu avg;15;16;16;16;15;15;15;15;15;15;14;14;14;14;15;15;15;15;16;15;14;14;13;10;9;7;6;4;3;3;4;4;3;5;4;4;5;4;4;4;4;4;4;4;5;5;5;6;6;6;7;7;7;7;8;8;8;9;9;9;9;9;;
1302895718;mbpoc01;mbpoc01_2;mem_free;I/O;58533488;58533488;58533488;58533488;58533488;58538480;58532608;58532608;58535104;58535104;58532560;58532560;58532560;58532560;58533440;58533440;58533440;58535936;58533488;58533488;58538480;58538480;58528704;58528704;58528704;58528704;58528800;58528800;58538528;58533488;58533488;58535984;58535984;58533488;58533488;58533488;58533488;58535984;58535984;58535984;58538480;58533440;58533440;58535936;58535936;58535936;58527712;58527712;58527712;58527712;58525216;58525216;58527712;58538528;58533536;58536032;58536032;58536032;58528592;58533584;58533584;58533584;
1302895718;mbpoc01;mbpoc01_2;mem_util;I/O;8575376;8575376;8575376;8575376;8575376;8570384;8576256;8576256;8573760;8573760;8576304;8576304;8576304;8576304;8575424;8575424;8575424;8572928;8575376;8575376;8570384;8570384;8580160;8580160;8580160;8580160;8580064;8580064;8570336;8575376;8575376;8572880;8572880;8575376;8575376;8575376;8575376;8572880;8572880;8572880;8570384;8575424;8575424;8572928;8572928;8572928;8581152;8581152;8581152;8581152;8583648;8583648;8581152;8570336;8575328;8572832;8572832;8572832;8580272;8575280;8575280;8575280;
1302895718;mbpoc01;mbpoc01_2;pct_util;I/O;12;12;12;12;12;12;12;12;12;12;12;12;12;12;12;12;12;12;12;12;12;12;12;12;12;12;12;12;12;12;12;12;12;12;12;12;12;12;12;12;12;12;12;12;12;12;12;12;12;12;12;12;12;12;12;12;12;12;12;12;12;12;
1302895718;mbpoc01;mbpoc01_1;mem_free;Processor;800217228;800217228;800217048;800217068;800217092;800222644;800216180;800216120;800219040;800218968;800216212;800216252;800216208;800216276;800217144;800217152;800217192;800219892;800216568;800216528;800222188;800222148;800215584;800215616;800215584;800215592;800215688;800215636;800222104;800216432;800216464;800219252;800219292;800216516;800216528;800216496;800216544;800219336;800201496;800219312;800222228;800216608;800216620;800219384;800219384;800219280;800209776;800209760;800209760;800209768;800207644;800208276;800215816;800222552;800217360;800220132;800220028;800220020;800211676;800218620;800218628;800218676;
1302895718;mbpoc01;mbpoc01_1;mem_util;Processor;40886624;40886624;40886804;40886784;40886760;40881208;40887672;40887732;40884812;40884884;40887640;40887620;40887644;40887576;40886708;40886700;40886660;40883960;40887284;40887324;40881664;40881704;40888268;40888236;40888268;40888260;40888164;40888216;40881748;40887420;40887388;40884600;40884560;40887336;40887324;40887356;40887308;40884516;40902356;40884540;40881624;40887244;40887232;40884468;40884468;40884572;40894076;40894092;40894092;40894084;40896208;40895576;40888036;40881300;40886492;40883720;40883824;40883832;40892176;40885232;40885224;40885176;
1302895718;mbpoc01;mbpoc01_1;pct_util;Processor;4;4;4;4;4;4;4;4;4;4;4;4;4;4;4;4;4;4;4;4;4;4;4;4;4;4;4;4;4;4;4;4;4;4;4;4;4;4;4;4;4;4;4;4;4;4;4;4;4;4;4;4;4;4;4;4;4;4;4;4;4;4;
1302895718;mbpoc01;mbpoc01_13;mem_free;Transient;16760632;16760632;16760632;16760632;16760632;16760632;16760632;16760632;16760632;16760632;16760632;16760632;16760632;16760632;16760632;16760632;16760632;16760632;16760632;16760632;16760632;16760632;16760632;16760632;16760632;16760632;16760632;16760632;16760632;16760632;16760632;16760632;16760632;16760632;16760632;16760632;16760632;16760632;16760632;16760632;16760632;16760632;16760632;16760632;16760632;16760632;16760632;16760632;16760632;16760632;16760632;16760632;16760632;16760632;16760632;16760632;16760632;16760632;16760632;16760632;16760632;16760632;
1302895718;mbpoc01;mbpoc01_13;mem_util;Transient;16584;16584;16584;16584;16584;16584;16584;16584;16584;16584;16584;16584;16584;16584;16584;16584;16584;16584;16584;16584;16584;16584;16584;16584;16584;16584;16584;16584;16584;16584;16584;16584;16584;16584;16584;16584;16584;16584;16584;16584;16584;16584;16584;16584;16584;16584;16584;16584;16584;16584;16584;16584;16584;16584;16584;16584;16584;16584;16584;16584;16584;16584;
1302895718;mbpoc01;mbpoc01_13;pct_util;Transient;0;0;0;0;0;0;0;0;0;0;0;0;0;0;0;0;0;0;0;0;0;0;0;0;0;0;0;0;0;0;0;0;0;0;0;0;0;0;0;0;0;0;0;0;0;0;0;0;0;0;0;0;0;0;0;0;0;0;0;0;0;0;
