1302895708;;mcmns05;4;cpuok;mem ok;14;11;
1302895708;mcmns05;mcmns05;cpu avg;cpu avg;4;5;5;7;6;4;5;6;4;6;6;5;5;6;5;5;7;6;5;6;5;5;5;3;3;4;2;2;4;3;3;3;4;2;4;4;4;3;3;4;3;3;3;3;3;5;4;4;4;4;5;5;5;6;5;5;4;4;3;5;4;3;;
1302895708;mcmns05;mcmns05_1;mem_free;Processor;728010148;728007748;727997896;727988244;728087828;728013668;728023404;728049300;728056464;727997440;728017560;728025404;728076724;728024180;728023716;728039440;728055880;728035768;728038960;728058556;728036836;728042688;728057808;728025656;728129676;728073152;728084824;728078080;728078884;728083668;728094844;728079552;728127672;728053544;728068940;728068944;728052476;728035836;728086032;728124608;728102988;728092012;728091584;728103552;728068304;728067156;728074084;728056268;728046504;728056624;728104736;728102996;728020128;728068968;728067096;728059312;728064364;728072464;728121664;728109624;728090736;728083716;
1302895708;mcmns05;mcmns05_1;mem_util;Processor;94994336;94996736;95006588;95016240;94916656;94987632;94981080;94955184;94948020;95003824;94986924;94958224;94927760;94978932;94980116;94965044;94948604;94968716;94965532;94945928;94967648;94961796;94946676;94959056;94874808;94931332;94919660;94926404;94925600;94920816;94909640;94899276;94876812;94950940;94935544;94935540;94952008;94968648;94918452;94879876;94901496;94912472;94912900;94900932;94936180;94937328;94930400;94948216;94957980;94947860;94899748;94901488;94984356;94935320;94937388;94945172;94940120;94932020;94882820;94894860;94913748;94920768;
1302895708;mcmns05;mcmns05_1;pct_util;Processor;11;11;11;11;11;11;11;11;11;11;11;11;11;11;11;11;11;11;11;11;11;11;11;11;11;11;11;11;11;11;11;11;11;11;11;11;11;11;11;11;11;11;11;11;11;11;11;11;11;11;11;11;11;11;11;11;11;11;11;11;11;11;
1302895708;mcmns05;mcmns05_2;mem_free;I/O;57467040;57467232;57477216;57473104;57538688;57489776;57492768;57498288;57499248;57483456;57489216;57490224;57516896;57506944;57505232;57511888;57511888;57509776;57515056;57525616;57525616;57556416;57556416;57561696;57637792;57532176;57532176;57542928;57540240;57586704;57596688;57597648;57602448;57572176;57572176;57572176;57552848;57552848;57597776;57605472;57592304;57594224;57594224;57615344;57581616;57581616;57581616;57581616;57527936;57533136;57542848;57537520;57508224;57536480;57562880;57527888;57532688;57532688;57552848;57541168;57546160;57547120;
1302895708;mcmns05;mcmns05_2;mem_util;I/O;9641824;9641632;9631648;9635760;9570176;9619088;9616096;9610576;9609616;9625408;9619648;9618640;9591968;9601920;9603632;9596976;9596976;9599088;9593808;9583248;9583248;9552448;9552448;9547168;9471072;9576688;9576688;9565936;9568624;9522160;9512176;9511216;9506416;9536688;9536688;9536688;9556016;9556016;9511088;9503392;9516560;9514640;9514640;9493520;9527248;9527248;9527248;9527248;9580928;9575728;9566016;9571344;9600640;9572384;9545984;9580976;9576176;9576176;9556016;9567696;9562704;9561744;
1302895708;mcmns05;mcmns05_2;pct_util;I/O;14;14;14;14;14;14;14;14;14;14;14;14;14;14;14;14;14;14;14;14;14;14;14;14;14;14;14;14;14;14;14;14;14;14;14;14;14;14;14;14;14;14;14;14;14;14;14;14;14;14;14;14;14;14;14;14;14;14;14;14;14;14;
1302895708;mcmns05;mcmns05_13;mem_free;Transient;16754516;16754516;16754516;16754516;16754516;16754516;16754516;16754516;16754516;16754516;16754516;16754516;16754516;16754516;16754516;16754516;16754516;16754516;16754516;16755000;16755000;16755000;16755000;16755000;16755000;16755000;16755000;16755000;16755000;16755000;16755000;16755000;16755000;16755000;16755000;16755000;16755000;16755000;16755000;16755000;16755000;16755000;16755000;16755000;16755000;16755000;16754516;16754516;16754516;16754516;16754516;16754516;16754516;16754516;16754516;16754516;16754516;16754516;16754516;16754516;16754516;16754516;
1302895708;mcmns05;mcmns05_13;mem_util;Transient;22700;22700;22700;22700;22700;22700;22700;22700;22700;22700;22700;22700;22700;22700;22700;22700;22700;22700;22700;22216;22216;22216;22216;22216;22216;22216;22216;22216;22216;22216;22216;22216;22216;22216;22216;22216;22216;22216;22216;22216;22216;22216;22216;22216;22216;22216;22700;22700;22700;22700;22700;22700;22700;22700;22700;22700;22700;22700;22700;22700;22700;22700;
1302895708;mcmns05;mcmns05_13;pct_util;Transient;0;0;0;0;0;0;0;0;0;0;0;0;0;0;0;0;0;0;0;0;0;0;0;0;0;0;0;0;0;0;0;0;0;0;0;0;0;0;0;0;0;0;0;0;0;0;0;0;0;0;0;0;0;0;0;0;0;0;0;0;0;0;
