1302895653;;MCMNS05;4;cpuok;mem ok;14;11;
1302895653;MCMNS05;MCMNS05;cpu avg;cpu avg;4;5;5;6;5;4;5;5;4;5;5;5;5;6;5;5;5;5;5;5;4;4;4;3;2;3;2;2;3;2;3;3;3;2;3;3;3;3;2;2;2;2;2;3;2;3;4;3;4;4;3;4;4;4;4;5;4;4;3;3;3;3;;
1302895653;MCMNS05;MCMNS05_13;mem_free;Transient;16754516;16754516;16754516;16754516;16754516;16754516;16754516;16754516;16754516;16754516;16754516;16754516;16754516;16754516;16754516;16754516;16754516;16754516;16754516;16755000;16755000;16755000;16755000;16755000;16755000;16755000;16755000;16755000;16755000;16755000;16755000;16755000;16755000;16755000;16755000;16755000;16755000;16755000;16755000;16755000;16755000;16755000;16755000;16755000;16755000;16755000;16755000;16754516;16754516;16754516;16754516;16754516;16754516;16754516;16754516;16754516;16754516;16754516;16754516;16754516;16754516;16754516;
1302895653;MCMNS05;MCMNS05_13;mem_util;Transient;22700;22700;22700;22700;22700;22700;22700;22700;22700;22700;22700;22700;22700;22700;22700;22700;22700;22700;22700;22216;22216;22216;22216;22216;22216;22216;22216;22216;22216;22216;22216;22216;22216;22216;22216;22216;22216;22216;22216;22216;22216;22216;22216;22216;22216;22216;22216;22700;22700;22700;22700;22700;22700;22700;22700;22700;22700;22700;22700;22700;22700;22700;
1302895653;MCMNS05;MCMNS05_13;pct_util;Transient;0;0;0;0;0;0;0;0;0;0;0;0;0;0;0;0;0;0;0;0;0;0;0;0;0;0;0;0;0;0;0;0;0;0;0;0;0;0;0;0;0;0;0;0;0;0;0;0;0;0;0;0;0;0;0;0;0;0;0;0;0;0;
1302895653;MCMNS05;MCMNS05_2;mem_free;I/O;57467040;57467232;57477216;57448608;57489776;57489776;57489200;57499248;57483456;57484416;57487456;57490224;57496240;57506944;57509072;57511888;57501424;57509776;57515056;57525616;57525616;57556416;57556416;57561696;57637792;57532176;57537936;57537744;57540240;57586704;57596688;57597648;57602448;57572176;57572176;57572176;57587552;57552848;57552848;57597776;57605472;57592304;57594224;57594224;57615344;57581616;57581616;57581616;57584496;57530432;57544656;57541040;57537520;57508224;57536480;57536480;57562880;57527888;57532688;57532688;57552848;57541168;
1302895653;MCMNS05;MCMNS05_2;mem_util;I/O;9641824;9641632;9631648;9660256;9619088;9619088;9619664;9609616;9625408;9624448;9621408;9618640;9612624;9601920;9599792;9596976;9607440;9599088;9593808;9583248;9583248;9552448;9552448;9547168;9471072;9576688;9570928;9571120;9568624;9522160;9512176;9511216;9506416;9536688;9536688;9536688;9521312;9556016;9556016;9511088;9503392;9516560;9514640;9514640;9493520;9527248;9527248;9527248;9524368;9578432;9564208;9567824;9571344;9600640;9572384;9572384;9545984;9580976;9576176;9576176;9556016;9567696;
1302895653;MCMNS05;MCMNS05_2;pct_util;I/O;14;14;14;14;14;14;14;14;14;14;14;14;14;14;14;14;14;14;14;14;14;14;14;14;14;14;14;14;14;14;14;14;14;14;14;14;14;14;14;14;14;14;14;14;14;14;14;14;14;14;14;14;14;14;14;14;14;14;14;14;14;14;
1302895653;MCMNS05;MCMNS05_1;mem_free;Processor;728008752;728007748;727996516;728015492;728037440;728038048;728048356;728056828;728031476;728034936;728044268;728045644;728048560;728052884;728062296;728066220;728061756;728062468;728063464;728070712;728048228;728070348;728070688;728072108;728158652;728085648;728101072;728104784;728107600;728112608;728123368;728128496;728139436;728082512;728081116;728080900;728100472;728064620;728064784;728114652;728135972;728115292;728120424;728120444;728131620;728097296;728096316;728103136;728105440;728085632;728118896;728116168;728115972;728065464;728081192;728089228;728095360;728071244;728092784;728084816;728121276;728121972;
1302895653;MCMNS05;MCMNS05_1;mem_util;Processor;94995732;94998108;95007968;94988992;94967044;94966436;94956128;94947656;94973008;94969548;94960216;94958840;94955924;94951600;94942188;94938264;94942728;94942016;94941020;94933772;94956256;94934136;94933796;94932376;94845832;94918836;94903412;94899700;94896884;94891876;94881116;94875988;94865048;94921972;94923368;94923584;94904012;94939864;94939700;94889832;94868512;94889192;94884060;94884040;94872864;94907188;94908168;94901348;94899044;94918852;94885588;94888316;94888508;94939020;94923292;94915256;94909124;94933240;94911700;94919668;94883208;94882512;
1302895653;MCMNS05;MCMNS05_1;pct_util;Processor;11;11;11;11;11;11;11;11;11;11;11;11;11;11;11;11;11;11;11;11;11;11;11;11;11;11;11;11;11;11;11;11;11;11;11;11;11;11;11;11;11;11;11;11;11;11;11;11;11;11;11;11;11;11;11;11;11;11;11;11;11;11;
